215,300
215,298
215,297
215,295
215,293
215,292
215,290
215,289
215,287
215,286
215,284
215,282
215,281
215,279
215,278
215,276
215,274
215,273
215,271
215,270
215,268
215,267
215,265
215,263
215,262
215,260
215,259
215,257
215,255
215,254
215,252
215,251
215,249
215,248
215,247
215,246
215,245
215,244
215,243
215,242
215,241
215,240
215,239
215,238
215,237
215,236
215,235
215,234
215,233
215,232
215,231
215,230
215,229
215,228
215,227
215,226
215,225
215,224
215,223
215,222
215,221
215,220
215,219
215,218
215,217
215,216
215,215
215,214
215,213
215,212
215,211
215,210
215,209
215,208
215,207
215,206
215,205
215,204
215,203
215,202
215,201
215,200
215,199
215,198
215,197
215,196
215,195
215,194
215,193
215,192
215,191
215,190
215,189
215,188
215,187
215,186
215,185
215,184
215,183
215,182
215,181
215,180
215,179
215,178
215,177
215,176
215,175
215,174
215,173
215,172
215,171
215,170
215,169
215,168
215,167
215,166
215,165
215,164
215,163
215,162
215,161
215,160
215,159
215,158
215,157
215,156
215,155
215,154
215,153
215,152
215,151
215,150
215,149
215,148
215,147
215,146
215,145
215,144
215,143
215,142
215,141
215,140
215,139
215,138
215,137
215,136
215,135
215,134
215,133
215,132
215,131
215,130
215,129
215,128
215,127
215,126
215,125
215,124
215,123
215,122
215,121
215,120
215,119
215,118
215,117
215,116
215,115
215,114
215,113
215,112
215,111
215,110
215,109
215,108
215,107
215,106
215,105
215,104
215,103
215,102
215,101
215,100
215,99
215,98
215,97
215,96
215,95
215,94
215,93
215,92
215,91
215,90
215,89
215,88
215,87
215,86
215,85
215,84
215,83
215,82
215,81
215,80
215,79
215,78
215,77
215,76
215,75
215,74
215,73
195,5
195,3
193,3
77,3
7,3
5,18
5,17
5,15
5,8
5,3
4,3
0,201
0,200
0,199
0,198
0,196
0,195
0,193
0,61
0,60
0,56
0,55
0,53
0,52
0,51
215,301
215,303
215,306
215,308
215,311
215,312
215,316
215,319
215,320
215,324
215,325
215,328
215,332
215,333
215,336
215,338
215,341
215,343
215,346
215,349
215,351
215,354
215,355
215,358
215,362
215,363
215,366
215,368
215,371
215,373
215,376
215,379
215,381
215,384
215,385
215,389
215,392
215,393
215,397
215,398
215,401
215,403
215,406
215,409
215,411
215,414
215,416
215,419
215,422
215,423
215,427
215,428
215,431
215,435
215,436
215,439
215,441
215,443
215,444
215,446
215,448
215,449
215,451
215,452
215,454
215,456
215,457
215,459
215,460
215,462
215,463
215,465
215,467
215,468
215,470
215,471
215,473
215,475
215,476
215,478
215,479
215,481
215,482
215,484
215,486
215,487
215,489
215,490
215,492
215,494
215,495
215,497
215,498
215,500
215,502
215,503
215,505
215,506
215,512
215,513
215,515
215,517
215,518
215,520
215,521
215,523
215,525
215,526
215,528
215,529
215,531
215,532
215,534
215,536
215,537
215,539
215,540
215,542
215,544
215,545
215,547
215,548
215,550
215,551
215,553
215,555
215,556
215,558
215,559
215,561
215,563
215,564
215,566
215,567
215,569
215,570
215,572
215,574
215,575
215,577
215,578
215,580
215,582
215,583
215,585
215,586
215,588
215,590
215,591
215,593
215,594
215,596
215,597
215,599
215,601
215,602
215,604
215,605
215,607
215,609
215,610
215,612
215,613
215,615
215,616
215,618
215,620
215,621
215,623
215,624
215,626
215,628
215,629
215,631
215,632
215,634
215,635
215,637
215,639
215,640
215,642
215,643
215,645
215,647
215,648
215,650
215,651
215,653
215,655
215,656
215,658
215,659
215,661
215,662
215,664
215,666
215,667
215,669
215,670
215,672
215,674
215,675
215,677
215,678
215,680
215,681
215,705
215,707
215,708
215,710
215,711
215,713
215,715
215,716
215,718
215,719
215,721
215,722
215,724
215,726
215,727
215,729
215,730
215,732
215,734
215,735
215,737
215,738
215,740
215,741
215,743
215,745
215,746
215,748
215,749
215,751
215,753
215,754
215,756
215,757
215,759
215,761
215,762
215,764
215,765
215,767
215,768
215,770
215,772
215,773
215,775
215,776
215,778
215,780
215,781
215,783
215,784
215,786
215,787
215,789
215,791
215,792
215,794
215,795
215,797
215,799
215,800
215,802
215,803
215,805
215,806
215,808
215,810
215,811
215,813
215,814
215,816
215,818
215,819
215,821
215,822
215,824
215,826
215,827
215,829
215,830
215,833
215,834
215,836
215,838
215,839
215,841
215,842
215,844
215,846
215,847
215,849
215,850
215,852
215,853
215,855
215,857
215,858
215,860
215,861
215,863
215,865
215,866
215,868
215,869
215,871
215,872
215,874
215,876
215,877
215,879
215,880
215,882
215,884
215,885
215,887
215,888
215,890
215,892
215,893
215,895
215,896
215,898
215,899
215,901
215,903
215,904
215,906
215,907
215,909
215,911
215,912
215,914
215,915
215,917
215,918
215,920
215,922
215,923
215,925
215,926
215,928
215,930
215,931
215,933
215,934
215,936
215,937
215,939
215,941
215,942
215,944
215,945
215,947
215,949
215,950
215,952
215,953
215,955
215,956
215,958
215,960
215,961
215,963
215,964
215,966
215,968
215,969
215,971
215,972
215,974
215,976
215,977
215,979
215,980
215,982
215,983
215,985
215,987
215,988
215,990
215,991
215,993
215,995
215,996
215,998
215,999
215,1001
215,1002
215,1004
215,1006
215,1007
215,1009
215,1010
215,1012
215,1014
215,1015
215,1017
215,1018
215,1020
215,1021
215,1023
215,1025
215,1026
215,1028
215,1029
215,1031
215,1033
215,1034
215,1036
215,1037
215,1039
215,1041
215,1088
215,1090
215,1152
224,3
234,3
251,7
251,9
251,10
251,12
251,13
251,15
251,17
251,18
251,20
251,21
251,23
251,24
251,26
251,28
251,29
251,31
251,32
251,34
251,36
251,37
251,39
251,40
251,42
251,43
251,45
251,47
251,48
251,50
251,51
251,53
251,55
251,56
251,58
251,59
251,61
251,62
251,64
251,66
251,67
251,69
251,70
251,72
251,74
251,75
251,77
251,78
251,80
251,82
251,83
251,85
251,86
251,88
251,89
251,91
251,93
251,94
251,96
251,97
251,99
251,101
251,102
251,104
251,105
251,107
251,108
251,110
251,112
251,113
251,115
251,116
251,118
251,120
251,121
251,123
251,124
251,126
251,127
251,129
251,131
251,132
251,134
251,135
251,137
251,139
251,140
251,142
251,143
251,145
251,147
251,148
251,150
251,151
251,153
251,154
251,156
251,158
251,159
251,161
251,162
251,164
251,166
251,167
251,193
251,194
251,196
251,197
253,6
253,8
253,9
253,11
253,12
253,14
253,16
253,17
253,19
253,20
255,7
255,8
255,10
255,12
255,13
255,15
255,16
255,18
255,20
255,21
255,23
255,24
255,26
255,27
255,29
255,31
255,32
255,34
255,35
255,37
255,39
255,40
255,42
255,43
255,45
255,47
255,48
255,50
255,51
255,53
255,54
255,56
255,58
255,59
255,61
255,62
255,64
255,66
255,67
255,69
255,70
255,72
255,73
255,75
255,77
255,78
255,80
255,81
255,83
255,85
255,86
255,88
255,89
255,128
255,129
258,8
258,10
258,11
258,13
258,14
258,16
258,18
258,19
258,21
258,22
258,24
258,26
258,27
258,29
258,30
258,32
258,33
258,35
258,37
258,38
258,40
258,41
260,6
260,8
260,9
260,11
260,12
260,14
260,15
260,17
260,19
260,20
260,22
260,23
260,25
260,27
260,28
260,30
260,31
260,33
260,34
260,36
260,38
260,39
260,41
260,42
260,44
260,46
261,5
261,7
261,8
261,10
261,12
261,13
261,15
261,16
261,18
261,19
261,21
261,23
261,24
261,26
261,27
261,29
261,31
261,32
261,34
261,35
261,37
261,38
261,40
261,42
261,43
261,45
261,46
261,48
261,50
261,51
261,53
261,54
261,56
261,57
261,59
261,61
261,62
261,64
261,65
261,67
261,69
261,70
261,72
266,5
266,7
266,8
266,10
266,12
266,13
266,15
266,16
266,18
266,20
266,21
266,23
266,24
266,26
266,28
266,29
266,31
266,32
266,34
266,35
266,37
266,39
266,40
266,42
266,43
266,45
266,47
266,48
266,50
266,51
266,53
266,54
266,56
266,58
266,59
266,61
266,62
266,64
266,66
266,67
266,69
266,70
266,72
266,73
266,75
266,77
266,78
266,80
266,81
266,83
266,85
266,86
266,88
266,89
266,91
266,93
266,94
266,96
266,97
266,99
266,100
266,102
266,104
266,105
266,107
266,108
266,110
266,112
266,113
266,115
266,116
266,118
266,119
266,121
266,123
266,124
266,126
266,127
266,129
266,131
266,132
266,193
266,194
266,196
266,197
266,199
266,201
266,202
266,204
266,205
266,207
266,209
266,210
266,212
266,213
266,215
266,216
266,218
266,220
266,221
266,223
266,224
266,226
266,228
266,229
266,231
266,232
266,234
266,257
266,258
266,260
266,261
266,263
266,264
266,266
266,268
266,269
266,271
266,272
266,274
266,276
266,277
278,3
283,3
288,3
289,3
292,3
307,3
311,3
321,7
321,8
321,10
321,12
321,13
321,15
321,16
321,18
321,19
321,21
321,23
321,24
321,26
321,27
321,29
321,31
321,32
321,34
321,35
321,37
321,39
321,40
321,42
321,43
321,45
321,46
321,48
321,50
321,51
321,53
321,54
321,56
321,58
327,3
331,5
331,6
331,8
331,9
331,11
331,13
331,14
331,16
331,17
331,19
331,21
331,22
331,24
331,25
334,6
334,7
334,9
334,11
334,12
334,14
334,15
334,17
334,19
334,20
334,22
334,23
334,25
334,26
334,28
334,30
334,31
334,33
334,34
334,36
334,38
334,39
334,41
334,42
334,44
334,46
334,47
354,6
354,7
354,9
354,10
354,12
354,14
354,15
354,17
354,18
354,20
354,22
354,23
354,25
354,26
354,28
354,29
354,31
354,33
354,34
354,36
354,37
354,39
354,41
354,42
354,44
354,45
354,47
354,48
354,50
354,52
354,53
354,55
354,56
354,58
354,60
354,61
354,63
354,64
354,66
354,68
354,69
354,71
354,72
354,74
354,75
354,77
354,79
354,80
354,82
354,83
354,85
354,87
354,88
354,90
354,91
354,93
354,94
354,96
354,98
354,99
354,101
354,102
354,104
354,106
354,107
354,109
354,110
354,112
354,113
354,115
354,117
354,118
354,120
354,121
354,123
354,125
354,126
354,128
354,129
354,131
354,192
354,193
354,195
354,196
354,198
354,199
362,3
366,6
366,7
368,3
370,3
371,5
372,3
372,5
372,7
372,8
372,10
372,11
372,13
383,15
383,16
383,18
383,19
383,21
383,23
383,24
383,26
383,27
383,29
383,30
383,32
383,34
383,35
383,37
383,38
383,40
383,42
383,43
383,45
383,46
383,48
383,49
383,51
383,53
383,54
383,56
383,57
383,59
383,61
383,62
387,3
389,5
389,7
389,9
389,10
390,6
390,7
390,9
390,10
405,6
410,3
411,5
411,7
411,8
411,10
411,12
411,13
411,15
411,16
411,18
411,19
411,21
411,23
411,24
411,26
411,27
411,29
411,31
411,32
411,34
411,35
411,37
411,38
411,40
411,42
411,43
411,45
411,46
411,48
411,50
411,51
411,53
411,54
411,56
411,58
411,59
411,61
411,62
411,64
411,65
411,67
411,69
411,70
411,72
411,73
411,75
411,77
411,78
411,80
411,81
411,83
411,84
411,86
411,88
411,89
411,91
411,92
411,94
411,96
411,97
411,99
411,100
411,102
411,103
411,105
411,107
411,108
411,110
411,111
411,113
411,128
411,129
411,131
411,188
411,193
411,194
411,196
411,198
411,199
411,201
411,202
411,204
411,206
413,3
416,3
419,3
441,3
422,3
415,3
411,205
411,203
411,200
411,197
411,195
411,192
411,130
411,114
411,112
411,109
411,106
411,104
411,101
411,98
411,95
411,93
411,90
411,87
411,85
411,82
411,79
411,76
411,74
411,71
411,68
411,66
411,63
411,60
411,57
411,55
411,52
411,49
411,47
411,44
411,41
411,39
411,36
411,33
411,30
411,28
411,25
411,22
411,20
411,17
411,14
411,11
411,9
411,6
405,7
405,5
390,8
390,5
389,8
389,6
383,63
383,60
383,58
383,55
383,52
383,50
383,47
383,44
383,41
383,39
383,36
383,33
383,31
383,28
383,25
383,22
383,20
383,17
383,3
372,12
372,9
372,6
371,6
371,3
366,8
366,3
360,3
354,197
354,194
354,186
354,130
354,127
354,124
354,122
354,119
354,116
354,114
354,111
354,108
354,105
354,103
354,100
354,97
354,95
354,92
354,89
354,86
354,84
354,81
354,78
354,76
354,73
354,70
354,67
354,65
354,62
354,59
354,57
354,54
354,51
354,49
354,46
354,43
354,40
354,38
354,35
354,32
354,30
354,27
354,24
354,21
354,19
354,16
354,13
354,11
354,8
354,5
334,45
334,43
334,40
334,37
334,35
334,32
334,29
334,27
334,24
334,21
334,18
334,16
334,13
334,10
334,8
334,5
331,23
331,20
331,18
331,15
331,12
331,10
331,7
328,3
321,57
321,55
321,52
321,49
321,47
321,44
321,41
321,38
321,36
321,33
321,30
321,28
321,25
321,22
321,20
321,17
321,14
321,11
321,9
321,6
294,3
290,3
286,3
268,3
266,275
266,273
266,270
266,267
266,265
266,262
266,259
266,256
266,233
266,230
266,227
266,225
266,222
266,219
266,217
266,214
266,211
266,208
266,206
266,203
266,200
266,198
266,195
266,192
266,130
266,128
266,125
266,122
266,120
266,117
266,114
266,111
266,109
266,106
266,103
266,101
266,98
266,95
266,92
266,90
266,87
266,84
266,82
266,79
266,76
266,74
266,71
266,68
266,65
266,63
266,60
266,57
266,55
266,52
266,49
266,46
266,44
266,41
266,38
266,36
266,33
266,30
266,27
266,25
266,22
266,19
266,17
266,14
266,11
266,9
266,6
261,71
261,68
261,66
261,63
261,60
261,58
261,55
261,52
261,49
261,47
261,44
261,41
261,39
261,36
261,33
261,30
261,28
261,25
261,22
261,20
261,17
261,14
261,11
261,9
261,6
260,45
260,43
260,40
260,37
260,35
260,32
260,29
260,26
260,24
260,21
260,18
260,16
260,13
260,10
260,7
258,42
258,39
258,36
258,34
258,31
258,28
258,25
258,23
258,20
258,17
258,15
258,12
258,9
255,192
255,127
255,87
255,84
255,82
255,79
255,76
255,74
255,71
255,68
255,65
255,63
255,60
255,57
255,55
255,52
255,49
255,46
255,44
255,41
255,38
255,36
255,33
255,30
255,28
255,25
255,22
255,19
255,17
255,14
255,11
255,9
255,6
253,18
253,15
253,13
253,10
253,7
251,229
251,195
251,192
251,165
251,163
251,160
251,157
251,155
251,152
251,149
251,146
251,144
251,141
251,138
251,136
251,133
251,130
251,128
251,125
251,122
251,119
251,117
251,114
251,111
251,109
251,106
251,103
251,100
251,98
251,95
251,92
251,90
251,87
251,84
251,81
251,79
251,76
251,73
251,71
251,68
251,65
251,63
251,60
251,57
251,54
251,52
251,49
251,46
251,44
251,41
251,38
251,35
251,33
251,30
251,27
251,25
251,22
251,19
251,16
251,14
251,11
251,8
250,3
215,1216
215,1089
215,1040
215,1038
215,1035
215,1032
215,1030
215,1027
215,1024
215,1022
215,1019
215,1016
215,1013
215,1011
215,1008
215,1005
215,1003
215,1000
215,997
215,994
215,992
215,989
215,986
215,984
215,981
215,978
215,975
215,973
215,970
215,967
215,965
215,962
215,959
215,957
215,954
215,951
215,948
215,946
215,943
215,940
215,938
215,935
215,932
215,929
215,927
215,924
215,921
215,919
215,916
215,913
215,910
215,908
215,905
215,902
215,900
215,897
215,894
215,891
215,889
215,886
215,883
215,881
215,878
215,875
215,873
215,870
215,867
215,864
215,862
215,859
215,856
215,854
215,851
215,848
215,845
215,843
215,840
215,837
215,835
215,832
215,828
215,825
215,823
215,820
215,817
215,815
215,812
215,809
215,807
215,804
215,801
215,798
215,796
215,793
215,790
215,788
215,785
215,782
215,779
215,777
215,774
215,771
215,769
215,766
215,763
215,760
215,758
215,755
215,752
215,750
215,747
215,744
215,742
215,739
215,736
215,733
215,731
215,728
215,725
215,723
215,720
215,717
215,714
215,712
215,709
215,706
215,704
215,679
215,676
215,673
215,671
215,668
215,665
215,663
215,660
215,657
215,654
215,652
215,649
215,646
215,644
215,641
215,638
215,636
215,633
215,630
215,627
215,625
215,622
215,619
215,617
215,614
215,611
215,608
215,606
215,603
215,600
215,598
215,595
215,592
215,589
215,587
215,584
215,581
215,579
215,576
215,573
215,571
215,568
215,565
215,562
215,560
215,557
215,554
215,552
215,549
215,546
215,543
215,541
215,538
215,535
215,533
215,530
215,527
215,524
215,522
215,519
215,516
215,514
215,511
215,504
215,501
215,499
215,496
215,493
215,491
215,488
215,485
215,483
215,480
215,477
215,474
215,472
215,469
215,466
215,464
215,461
215,458
215,455
215,453
215,450
215,447
215,445
215,442
215,438
215,433
215,430
215,425
215,420
215,417
215,412
215,408
215,404
215,400
215,395
215,390
215,387
215,382
215,377
215,374
215,370
215,365
215,360
215,357
215,352
215,347
215,344
215,339
215,335
215,330
215,327
215,322
215,317
215,314
215,309
215,305
0,192
0,63
0,62
1,45
3,44
2,44
1,44
3,43
2,43
1,43
3,42
2,42
1,42
3,41
